intersect_bp,f_orig_query,f_match,f_unique_to_query,f_unique_weighted,average_abund,median_abund,std_abund,filename,name,md5,f_match_orig,unique_intersect_bp,gather_result_rank,remaining_bp,query_filename,query_name,query_md5,query_bp,ksize,moltype,scaled,query_n_hashes,query_abundance,query_containment_ani,match_containment_ani,average_containment_ani,max_containment_ani,potential_false_negative,lineage
3564000,0.05121425492168415,0.7918240391024217,0.05121425492168415,0.06161363203310014,1.27020202020202,1.0,0.6575119443349824,/home/ubuntu/2022-prjna853785-sourmash/inputs/sourmash_databases/genbank-2022.03-bacteria-k31.zip,"GCA_004745495.1 Brevibacterium aurantiacum strain=L261, ASM474549v1",778a4bba920235eef43054ba12c7e9c3,0.7918240391024217,3564000,0,33986000,inputs/raw/SRR19888427ass.fasta,SRR19888427,0113a037,69590000,31,DNA,1000,69590,True,0.9268523869233654,0.9924987249374235,0.9596755559303944,0.9924987249374235,False,Bacteria;Actinobacteria;Actinomycetia;Micrococcales;Brevibacteriaceae;Brevibacterium;Brevibacterium aurantiacum
3526000,0.05066819945394453,0.8597262952101662,0.05055324040810461,0.0519775702969758,1.0855599772598068,1.0,0.4202270856780461,/home/ubuntu/2022-prjna853785-sourmash/inputs/sourmash_databases/genbank-2022.03-bacteria-k31.zip,"GCA_003335205.1 Brachybacterium sp. JB7 strain=JB7, ASM333520v1",7811ecc7406120b3c3a592a8b21b7a35,0.8616813294232649,3518000,1,30468000,inputs/raw/SRR19888427ass.fasta,SRR19888427,0113a037,69590000,31,DNA,1000,69590,True,0.9265319479661227,0.9952092619136381,0.9608706049398804,0.9952092619136381,False,Bacteria;Actinobacteria;Actinomycetia;Micrococcales;Dermabacteraceae;Brachybacterium;Brachybacterium sp. JB7
3112000,0.044719068831728694,0.09227575982209044,0.044719068831728694,0.042518441897814195,1.0038560411311055,1.0,0.06696152327830902,/home/ubuntu/2022-prjna853785-sourmash/inputs/sourmash_databases/genbank-2022.03-fungi-k31.zip,"GCA_017657125.1 Scopulariopsis brevicaulis strain=MRI360, ASM1765712v1",d8d79dd301038304f2ca0195a8bfc03c,0.09227575982209044,3112000,2,27356000,inputs/raw/SRR19888427ass.fasta,SRR19888427,0113a037,69590000,31,DNA,1000,69590,True,0.9228064763303083,0.9260101137267748,0.9244082950285415,0.9260101137267748,False,Eukaryota;Ascomycota;Sordariomycetes;Microascales;Microascaceae;Scopulariopsis;Scopulariopsis brevicaulis
2692000,0.03868371892513292,0.9037361157859307,0.03858312976002299,0.03770041102975202,1.031657355679702,1.0,0.39939858174684023,/home/ubuntu/2022-prjna853785-sourmash/inputs/sourmash_databases/genbank-2022.03-bacteria-k31.zip,"GCA_900163675.1 Corynebacterium sp. JB4 strain=JB4, ASM90016367v1",d9509d286d2ed617e208220d855afb7d,0.9060922248401212,2685000,3,24671000,inputs/raw/SRR19888427ass.fasta,SRR19888427,0113a037,69590000,31,DNA,1000,69590,True,0.9185007596207914,0.9968239516142177,0.9576623556175046,0.9968239516142177,False,Bacteria;Actinobacteria;Actinomycetia;Corynebacteriales;Corynebacteriaceae;Corynebacterium;Corynebacterium casei
2615000,0.037577238108923695,0.8635612817971589,0.037562868228193706,0.040912431608460136,1.1499617444529457,1.0,0.7633572096993761,/home/ubuntu/2022-prjna853785-sourmash/inputs/sourmash_databases/genbank-2022.03-bacteria-k31.zip,"GCA_000297455.1 Staphylococcus equorum subsp. equorum Mu2 strain=Mu2, ASM29745v1",c859fad8288d38c7f047ee7adae6f201,0.8638916418896597,2614000,4,22057000,inputs/raw/SRR19888427ass.fasta,SRR19888427,0113a037,69590000,31,DNA,1000,69590,True,0.9176413174236834,0.9952915091354816,0.9564664132795825,0.9952915091354816,False,Bacteria;Firmicutes;Bacilli;Bacillales;Staphylococcaceae;Staphylococcus;Staphylococcus equorum;Staphylococcus equorum subsp. equorum Mu2
2638000,0.037907745365713466,0.6402129817444219,0.036283948843224605,0.036529928954460084,1.062970297029703,1.0,0.28072587860707415,/home/ubuntu/2022-prjna853785-sourmash/inputs/sourmash_databases/genbank-2022.03-bacteria-k31.zip,"GCA_004745075.1 Brevibacterium sp. S111 strain=S111, ASM474507v1",3c41caea215bbb8561eb3f1ff5a3c59d,0.6688640973630832,2525000,5,19532000,inputs/raw/SRR19888427ass.fasta,SRR19888427,0113a037,69590000,31,DNA,1000,69590,True,0.9179005716314287,0.9871104242087466,0.9525054979200877,0.9871104242087466,False,Bacteria;Actinobacteria;Actinomycetia;Micrococcales;Brevibacteriaceae;Brevibacterium;Brevibacterium sp. S111
2013000,0.028926569909469752,0.7074487225620727,0.028251185515160225,0.027438277485913383,1.0254323499491353,1.0,0.1814494351297995,/home/ubuntu/2022-prjna853785-sourmash/inputs/sourmash_databases/genbank-2022.03-bacteria-k31.zip,"GCA_014897205.1 Staphylococcus succinus strain=FME10, ASM1489720v1",cbd3e60b7671b0cb28478d4f40a15dfe,0.724361281036344,1966000,6,17566000,inputs/raw/SRR19888427ass.fasta,SRR19888427,0113a037,69590000,31,DNA,1000,69590,True,0.9099290765436631,0.9896518177995517,0.9497904471716074,0.9896518177995517,False,Bacteria;Firmicutes;Bacilli;Bacillales;Staphylococcaceae;Staphylococcus;Staphylococcus succinus
1822000,0.026181922690041673,0.2574018982858762,0.026110073286391724,0.024947600511745653,1.0088057237204182,1.0,0.12382437458146778,/home/ubuntu/2022-prjna853785-sourmash/inputs/sourmash_databases/genbank-2022.03-bacteria-k31.zip,"GCA_900143625.1 Nocardiopsis sp. JB363 strain=JB363, ASM90014362v1",fe4ca03438a38cf73b96c41c08660106,0.2581102139113189,1817000,7,15749000,inputs/raw/SRR19888427ass.fasta,SRR19888427,0113a037,69590000,31,DNA,1000,69590,True,0.9070075812498359,0.9572513200113323,0.9321294506305842,0.9572513200113323,False,Bacteria;Actinobacteria;Actinomycetia;Streptosporangiales;Nocardiopsaceae;Nocardiopsis;Nocardiopsis sp. JB363
1862000,0.02675671791924127,0.6096401900882552,0.025808305791061935,0.024716226148025152,1.0111358574610245,1.0,0.13713843502953285,/home/ubuntu/2022-prjna853785-sourmash/inputs/sourmash_databases/genbank-2022.03-bacteria-k31.zip,"GCA_020224715.1 Staphylococcus xylosus strain=TMW 2.1521, ASM2022471v1",39d6c5e234d9c8b52cd6ea79786512eb,0.6320434487440597,1796000,8,13953000,inputs/raw/SRR19888427ass.fasta,SRR19888427,0113a037,69590000,31,DNA,1000,69590,True,0.9076431884127514,0.9853090726231256,0.9464761305179386,0.9853090726231256,False,Bacteria;Firmicutes;Bacilli;Bacillales;Staphylococcaceae;Staphylococcus;Staphylococcus xylosus
1750000,0.025147291277482397,0.3455357142857143,0.02224457537002443,0.021463374799248713,1.018733850129199,1.0,0.15761612007960704,/home/ubuntu/2022-prjna853785-sourmash/inputs/sourmash_databases/genbank-2022.03-bacteria-k31.zip,"GCA_004745485.1 Brevibacterium sp. S22 strain=S22, ASM474548v1",4ed53bbd9694d1b411ee3a4b2bebfdfc,0.390625,1548000,9,12405000,inputs/raw/SRR19888427ass.fasta,SRR19888427,0113a037,69590000,31,DNA,1000,69590,True,0.9058286819795481,0.9701323099366705,0.9379804959581093,0.9701323099366705,False,Bacteria;Actinobacteria;Actinomycetia;Micrococcales;Brevibacteriaceae;Brevibacterium;Brevibacterium sp. S22
1555000,0.022345164535134358,0.2519893899204244,0.016381664032188534,0.016699784957944306,1.0763157894736841,1.0,0.34585328792457126,/home/ubuntu/2022-prjna853785-sourmash/inputs/sourmash_databases/genbank-2022.03-bacteria-k31.zip,"GCA_014897515.1 Brevibacterium sp. FME17 strain=FME17, ASM1489751v1",4d9a963be3a0800b9350fe5813b1aedd,0.3437223695844385,1140000,10,11265000,inputs/raw/SRR19888427ass.fasta,SRR19888427,0113a037,69590000,31,DNA,1000,69590,True,0.902383160581618,0.9661375487233832,0.9342603546525006,0.9661375487233832,False,Bacteria;Actinobacteria;Actinomycetia;Micrococcales;Brevibacteriaceae;Brevibacterium;Brevibacterium sp. FME17
975000,0.014010633711740193,0.35798381162619575,0.013981893950280213,0.013310831042273458,1.0051387461459405,1.0,0.07150062540976808,/home/ubuntu/2022-prjna853785-sourmash/inputs/sourmash_databases/genbank-2022.03-bacteria-k31.zip,"GCA_019120175.1 Candidatus Corynebacterium faecigallinarum, ASM1912017v1",3333fea534e775767acecabbc1afa0a3,0.358719646799117,973000,11,10292000,inputs/raw/SRR19888427ass.fasta,SRR19888427,0113a037,69590000,31,DNA,1000,69590,True,0.8888970013030675,0.967469457215911,0.9281832292594893,0.967469457215911,False,Bacteria;Actinobacteria;Actinomycetia;Corynebacteriales;Corynebacteriaceae;Corynebacterium;Candidatus Corynebacterium faecigallinarum
953000,0.013694496335680414,0.2474310438074635,0.013148440867940796,0.013215559245447369,1.0612021857923497,1.0,0.31462125308280936,/home/ubuntu/2022-prjna853785-sourmash/inputs/sourmash_databases/genbank-2022.03-bacteria-k31.zip,"GCA_900169375.1 Brevibacterium sp. Mu109 strain=Mu109, Assembly_BSP109",eeb6fa92d0757a4b0b2ddf601bc4cafa,0.2577068685776095,915000,12,9377000,inputs/raw/SRR19888427ass.fasta,SRR19888427,0113a037,69590000,31,DNA,1000,69590,True,0.8882428256329483,0.9572030291751238,0.922722927404036,0.9572030291751238,False,Bacteria;Actinobacteria;Actinomycetia;Micrococcales;Brevibacteriaceae;Brevibacterium;Brevibacterium sp. Mu109
3458000,0.049691047564305216,0.2077798861480076,0.012588015519471188,0.014603805427770367,1.2248858447488584,1.0,0.5700851980952497,/home/ubuntu/2022-prjna853785-sourmash/inputs/sourmash_databases/genbank-2022.03-bacteria-k31.zip,"GCA_002332325.1 Brevibacterium aurantiacum strain=962_8, ASM233232v1",d8a219e9bfe24ee158b9fc63b6e36183,0.8202087286527514,876000,13,8501000,inputs/raw/SRR19888427ass.fasta,SRR19888427,0113a037,69590000,31,DNA,1000,69590,True,0.9259500984120248,0.9936269614746338,0.9597885299433293,0.9936269614746338,False,Bacteria;Actinobacteria;Actinomycetia;Micrococcales;Brevibacteriaceae;Brevibacterium;Brevibacterium aurantiacum
772000,0.011093547923552235,0.10794533240676396,0.006696364420175313,0.006723466804583934,1.0600858369098713,1.0,0.2633459048350635,/home/ubuntu/2022-prjna853785-sourmash/inputs/sourmash_databases/genbank-2022.03-bacteria-k31.zip,"GCA_900105045.1 Brevibacterium sandarakinum strain=DSM 22082, IMG-taxon 2634166182 annotated assembly",40a300234cd058beea383208b2dcda8d,0.17882788973824415,466000,14,8035000,inputs/raw/SRR19888427ass.fasta,SRR19888427,0113a037,69590000,31,DNA,1000,69590,True,0.8822280920710179,0.9459866511891086,0.9141073716300633,0.9459866511891086,False,Bacteria;Actinobacteria;Actinomycetia;Micrococcales;Brevibacteriaceae;Brevibacterium;Brevibacterium sandarakinum
3505000,0.050366431958614746,0.08475367732897501,0.005216266704986349,0.005484933445844789,1.1101928374655647,1.0,0.3620887008407219,/home/ubuntu/2022-prjna853785-sourmash/inputs/sourmash_databases/genbank-2022.03-bacteria-k31.zip,"GCA_002332305.1 Brachybacterium alimentarium strain=341_9, ASM233230v1",9fab8c7ed022d701192da4bc130db8d1,0.8183516226943731,363000,15,7672000,inputs/raw/SRR19888427ass.fasta,SRR19888427,0113a037,69590000,31,DNA,1000,69590,True,0.9263534265405028,0.9935543090322643,0.9599538677863835,0.9935543090322643,False,Bacteria;Actinobacteria;Actinomycetia;Micrococcales;Dermabacteraceae;Brachybacterium;Brachybacterium alimentarium
